pos	rel_pos
7676593	1
7676592	2
7676591	3
7676590	4
7676589	5
7676588	6
7676587	7
7676586	8
7676585	9
7676584	10
7676583	11
7676582	12
7676581	13
7676580	14
7676579	15
7676578	16
7676577	17
7676576	18
7676575	19
7676574	20
7676573	21
7676572	22
7676571	23
7676570	24
7676569	25
7676568	26
7676567	27
7676566	28
7676565	29
7676564	30
7676563	31
7676562	32
7676561	33
7676560	34
7676559	35
7676558	36
7676557	37
7676556	38
7676555	39
7676554	40
7676553	41
7676552	42
7676551	43
7676550	44
7676549	45
7676548	46
7676547	47
7676546	48
7676545	49
7676544	50
7676543	51
7676542	52
7676541	53
7676540	54
7676539	55
7676538	56
7676537	57
7676536	58
7676535	59
7676534	60
7676533	61
7676532	62
7676531	63
7676530	64
7676529	65
7676528	66
7676527	67
7676526	68
7676525	69
7676524	70
7676523	71
7676522	72
7676521	73
7676520	74
7676402	75
7676401	76
7676400	77
7676399	78
7676398	79
7676397	80
7676396	81
7676395	82
7676394	83
7676393	84
7676392	85
7676391	86
7676390	87
7676389	88
7676388	89
7676387	90
7676386	91
7676385	92
7676384	93
7676383	94
7676382	95
7676381	96
7676271	97
7676270	98
7676269	99
7676268	100
7676267	101
7676266	102
7676265	103
7676264	104
7676263	105
7676262	106
7676261	107
7676260	108
7676259	109
7676258	110
7676257	111
7676256	112
7676255	113
7676254	114
7676253	115
7676252	116
7676251	117
7676250	118
7676249	119
7676248	120
7676247	121
7676246	122
7676245	123
7676244	124
7676243	125
7676242	126
7676241	127
7676240	128
7676239	129
7676238	130
7676237	131
7676236	132
7676235	133
7676234	134
7676233	135
7676232	136
7676231	137
7676230	138
7676229	139
7676228	140
7676227	141
7676226	142
7676225	143
7676224	144
7676223	145
7676222	146
7676221	147
7676220	148
7676219	149
7676218	150
7676217	151
7676216	152
7676215	153
7676214	154
7676213	155
7676212	156
7676211	157
7676210	158
7676209	159
7676208	160
7676207	161
7676206	162
7676205	163
7676204	164
7676203	165
7676202	166
7676201	167
7676200	168
7676199	169
7676198	170
7676197	171
7676196	172
7676195	173
7676194	174
7676193	175
7676192	176
7676191	177
7676190	178
7676189	179
7676188	180
7676187	181
7676186	182
7676185	183
7676184	184
7676183	185
7676182	186
7676181	187
7676180	188
7676179	189
7676178	190
7676177	191
7676176	192
7676175	193
7676174	194
7676173	195
7676172	196
7676171	197
7676170	198
7676169	199
7676168	200
7676167	201
7676166	202
7676165	203
7676164	204
7676163	205
7676162	206
7676161	207
7676160	208
7676159	209
7676158	210
7676157	211
7676156	212
7676155	213
7676154	214
7676153	215
7676152	216
7676151	217
7676150	218
7676149	219
7676148	220
7676147	221
7676146	222
7676145	223
7676144	224
7676143	225
7676142	226
7676141	227
7676140	228
7676139	229
7676138	230
7676137	231
7676136	232
7676135	233
7676134	234
7676133	235
7676132	236
7676131	237
7676130	238
7676129	239
7676128	240
7676127	241
7676126	242
7676125	243
7676124	244
7676123	245
7676122	246
7676121	247
7676120	248
7676119	249
7676118	250
7676117	251
7676116	252
7676115	253
7676114	254
7676113	255
7676112	256
7676111	257
7676110	258
7676109	259
7676108	260
7676107	261
7676106	262
7676105	263
7676104	264
7676103	265
7676102	266
7676101	267
7676100	268
7676099	269
7676098	270
7676097	271
7676096	272
7676095	273
7676094	274
7676093	275
7676092	276
7676091	277
7676090	278
7676089	279
7676088	280
7676087	281
7676086	282
7676085	283
7676084	284
7676083	285
7676082	286
7676081	287
7676080	288
7676079	289
7676078	290
7676077	291
7676076	292
7676075	293
7676074	294
7676073	295
7676072	296
7676071	297
7676070	298
7676069	299
7676068	300
7676067	301
7676066	302
7676065	303
7676064	304
7676063	305
7676062	306
7676061	307
7676060	308
7676059	309
7676058	310
7676057	311
7676056	312
7676055	313
7676054	314
7676053	315
7676052	316
7676051	317
7676050	318
7676049	319
7676048	320
7676047	321
7676046	322
7676045	323
7676044	324
7676043	325
7676042	326
7676041	327
7676040	328
7676039	329
7676038	330
7676037	331
7676036	332
7676035	333
7676034	334
7676033	335
7676032	336
7676031	337
7676030	338
7676029	339
7676028	340
7676027	341
7676026	342
7676025	343
7676024	344
7676023	345
7676022	346
7676021	347
7676020	348
7676019	349
7676018	350
7676017	351
7676016	352
7676015	353
7676014	354
7676013	355
7676012	356
7676011	357
7676010	358
7676009	359
7676008	360
7676007	361
7676006	362
7676005	363
7676004	364
7676003	365
7676002	366
7676001	367
7676000	368
7675999	369
7675998	370
7675997	371
7675996	372
7675995	373
7675994	374
7675993	375
7675235	376
7675234	377
7675233	378
7675232	379
7675231	380
7675230	381
7675229	382
7675228	383
7675227	384
7675226	385
7675225	386
7675224	387
7675223	388
7675222	389
7675221	390
7675220	391
7675219	392
7675218	393
7675217	394
7675216	395
7675215	396
7675214	397
7675213	398
7675212	399
7675211	400
7675210	401
7675209	402
7675208	403
7675207	404
7675206	405
7675205	406
7675204	407
7675203	408
7675202	409
7675201	410
7675200	411
7675199	412
7675198	413
7675197	414
7675196	415
7675195	416
7675194	417
7675193	418
7675192	419
7675191	420
7675190	421
7675189	422
7675188	423
7675187	424
7675186	425
7675185	426
7675184	427
7675183	428
7675182	429
7675181	430
7675180	431
7675179	432
7675178	433
7675177	434
7675176	435
7675175	436
7675174	437
7675173	438
7675172	439
7675171	440
7675170	441
7675169	442
7675168	443
7675167	444
7675166	445
7675165	446
7675164	447
7675163	448
7675162	449
7675161	450
7675160	451
7675159	452
7675158	453
7675157	454
7675156	455
7675155	456
7675154	457
7675153	458
7675152	459
7675151	460
7675150	461
7675149	462
7675148	463
7675147	464
7675146	465
7675145	466
7675144	467
7675143	468
7675142	469
7675141	470
7675140	471
7675139	472
7675138	473
7675137	474
7675136	475
7675135	476
7675134	477
7675133	478
7675132	479
7675131	480
7675130	481
7675129	482
7675128	483
7675127	484
7675126	485
7675125	486
7675124	487
7675123	488
7675122	489
7675121	490
7675120	491
7675119	492
7675118	493
7675117	494
7675116	495
7675115	496
7675114	497
7675113	498
7675112	499
7675111	500
7675110	501
7675109	502
7675108	503
7675107	504
7675106	505
7675105	506
7675104	507
7675103	508
7675102	509
7675101	510
7675100	511
7675099	512
7675098	513
7675097	514
7675096	515
7675095	516
7675094	517
7675093	518
7675092	519
7675091	520
7675090	521
7675089	522
7675088	523
7675087	524
7675086	525
7675085	526
7675084	527
7675083	528
7675082	529
7675081	530
7675080	531
7675079	532
7675078	533
7675077	534
7675076	535
7675075	536
7675074	537
7675073	538
7675072	539
7675071	540
7675070	541
7675069	542
7675068	543
7675067	544
7675066	545
7675065	546
7675064	547
7675063	548
7675062	549
7675061	550
7675060	551
7675059	552
7675058	553
7675057	554
7675056	555
7675055	556
7675054	557
7675053	558
7675052	559
7674970	560
7674969	561
7674968	562
7674967	563
7674966	564
7674965	565
7674964	566
7674963	567
7674962	568
7674961	569
7674960	570
7674959	571
7674958	572
7674957	573
7674956	574
7674955	575
7674954	576
7674953	577
7674952	578
7674951	579
7674950	580
7674949	581
7674948	582
7674947	583
7674946	584
7674945	585
7674944	586
7674943	587
7674942	588
7674941	589
7674940	590
7674939	591
7674938	592
7674937	593
7674936	594
7674935	595
7674934	596
7674933	597
7674932	598
7674931	599
7674930	600
7674929	601
7674928	602
7674927	603
7674926	604
7674925	605
7674924	606
7674923	607
7674922	608
7674921	609
7674920	610
7674919	611
7674918	612
7674917	613
7674916	614
7674915	615
7674914	616
7674913	617
7674912	618
7674911	619
7674910	620
7674909	621
7674908	622
7674907	623
7674906	624
7674905	625
7674904	626
7674903	627
7674902	628
7674901	629
7674900	630
7674899	631
7674898	632
7674897	633
7674896	634
7674895	635
7674894	636
7674893	637
7674892	638
7674891	639
7674890	640
7674889	641
7674888	642
7674887	643
7674886	644
7674885	645
7674884	646
7674883	647
7674882	648
7674881	649
7674880	650
7674879	651
7674878	652
7674877	653
7674876	654
7674875	655
7674874	656
7674873	657
7674872	658
7674871	659
7674870	660
7674869	661
7674868	662
7674867	663
7674866	664
7674865	665
7674864	666
7674863	667
7674862	668
7674861	669
7674860	670
7674859	671
7674858	672
7674289	673
7674288	674
7674287	675
7674286	676
7674285	677
7674284	678
7674283	679
7674282	680
7674281	681
7674280	682
7674279	683
7674278	684
7674277	685
7674276	686
7674275	687
7674274	688
7674273	689
7674272	690
7674271	691
7674270	692
7674269	693
7674268	694
7674267	695
7674266	696
7674265	697
7674264	698
7674263	699
7674262	700
7674261	701
7674260	702
7674259	703
7674258	704
7674257	705
7674256	706
7674255	707
7674254	708
7674253	709
7674252	710
7674251	711
7674250	712
7674249	713
7674248	714
7674247	715
7674246	716
7674245	717
7674244	718
7674243	719
7674242	720
7674241	721
7674240	722
7674239	723
7674238	724
7674237	725
7674236	726
7674235	727
7674234	728
7674233	729
7674232	730
7674231	731
7674230	732
7674229	733
7674228	734
7674227	735
7674226	736
7674225	737
7674224	738
7674223	739
7674222	740
7674221	741
7674220	742
7674219	743
7674218	744
7674217	745
7674216	746
7674215	747
7674214	748
7674213	749
7674212	750
7674211	751
7674210	752
7674209	753
7674208	754
7674207	755
7674206	756
7674205	757
7674204	758
7674203	759
7674202	760
7674201	761
7674200	762
7674199	763
7674198	764
7674197	765
7674196	766
7674195	767
7674194	768
7674193	769
7674192	770
7674191	771
7674190	772
7674189	773
7674188	774
7674187	775
7674186	776
7674185	777
7674184	778
7674183	779
7674182	780
7674181	781
7674180	782
7673836	783
7673835	784
7673834	785
7673833	786
7673832	787
7673831	788
7673830	789
7673829	790
7673828	791
7673827	792
7673826	793
7673825	794
7673824	795
7673823	796
7673822	797
7673821	798
7673820	799
7673819	800
7673818	801
7673817	802
7673816	803
7673815	804
7673814	805
7673813	806
7673812	807
7673811	808
7673810	809
7673809	810
7673808	811
7673807	812
7673806	813
7673805	814
7673804	815
7673803	816
7673802	817
7673801	818
7673800	819
7673799	820
7673798	821
7673797	822
7673796	823
7673795	824
7673794	825
7673793	826
7673792	827
7673791	828
7673790	829
7673789	830
7673788	831
7673787	832
7673786	833
7673785	834
7673784	835
7673783	836
7673782	837
7673781	838
7673780	839
7673779	840
7673778	841
7673777	842
7673776	843
7673775	844
7673774	845
7673773	846
7673772	847
7673771	848
7673770	849
7673769	850
7673768	851
7673767	852
7673766	853
7673765	854
7673764	855
7673763	856
7673762	857
7673761	858
7673760	859
7673759	860
7673758	861
7673757	862
7673756	863
7673755	864
7673754	865
7673753	866
7673752	867
7673751	868
7673750	869
7673749	870
7673748	871
7673747	872
7673746	873
7673745	874
7673744	875
7673743	876
7673742	877
7673741	878
7673740	879
7673739	880
7673738	881
7673737	882
7673736	883
7673735	884
7673734	885
7673733	886
7673732	887
7673731	888
7673730	889
7673729	890
7673728	891
7673727	892
7673726	893
7673725	894
7673724	895
7673723	896
7673722	897
7673721	898
7673720	899
7673719	900
7673718	901
7673717	902
7673716	903
7673715	904
7673714	905
7673713	906
7673712	907
7673711	908
7673710	909
7673709	910
7673708	911
7673707	912
7673706	913
7673705	914
7673704	915
7673703	916
7673702	917
7673701	918
7673700	919
7673607	920
7673606	921
7673605	922
7673604	923
7673603	924
7673602	925
7673601	926
7673600	927
7673599	928
7673598	929
7673597	930
7673596	931
7673595	932
7673594	933
7673593	934
7673592	935
7673591	936
7673590	937
7673589	938
7673588	939
7673587	940
7673586	941
7673585	942
7673584	943
7673583	944
7673582	945
7673581	946
7673580	947
7673579	948
7673578	949
7673577	950
7673576	951
7673575	952
7673574	953
7673573	954
7673572	955
7673571	956
7673570	957
7673569	958
7673568	959
7673567	960
7673566	961
7673565	962
7673564	963
7673563	964
7673562	965
7673561	966
7673560	967
7673559	968
7673558	969
7673557	970
7673556	971
7673555	972
7673554	973
7673553	974
7673552	975
7673551	976
7673550	977
7673549	978
7673548	979
7673547	980
7673546	981
7673545	982
7673544	983
7673543	984
7673542	985
7673541	986
7673540	987
7673539	988
7673538	989
7673537	990
7673536	991
7673535	992
7673534	993
7670714	994
7670713	995
7670712	996
7670711	997
7670710	998
7670709	999
7670708	1000
7670707	1001
7670706	1002
7670705	1003
7670704	1004
7670703	1005
7670702	1006
7670701	1007
7670700	1008
7670699	1009
7670698	1010
7670697	1011
7670696	1012
7670695	1013
7670694	1014
7670693	1015
7670692	1016
7670691	1017
7670690	1018
7670689	1019
7670688	1020
7670687	1021
7670686	1022
7670685	1023
7670684	1024
7670683	1025
7670682	1026
7670681	1027
7670680	1028
7670679	1029
7670678	1030
7670677	1031
7670676	1032
7670675	1033
7670674	1034
7670673	1035
7670672	1036
7670671	1037
7670670	1038
7670669	1039
7670668	1040
7670667	1041
7670666	1042
7670665	1043
7670664	1044
7670663	1045
7670662	1046
7670661	1047
7670660	1048
7670659	1049
7670658	1050
7670657	1051
7670656	1052
7670655	1053
7670654	1054
7670653	1055
7670652	1056
7670651	1057
7670650	1058
7670649	1059
7670648	1060
7670647	1061
7670646	1062
7670645	1063
7670644	1064
7670643	1065
7670642	1066
7670641	1067
7670640	1068
7670639	1069
7670638	1070
7670637	1071
7670636	1072
7670635	1073
7670634	1074
7670633	1075
7670632	1076
7670631	1077
7670630	1078
7670629	1079
7670628	1080
7670627	1081
7670626	1082
7670625	1083
7670624	1084
7670623	1085
7670622	1086
7670621	1087
7670620	1088
7670619	1089
7670618	1090
7670617	1091
7670616	1092
7670615	1093
7670614	1094
7670613	1095
7670612	1096
7670611	1097
7670610	1098
7670609	1099
7670608	1100
7669689	1101
7669688	1102
7669687	1103
7669686	1104
7669685	1105
7669684	1106
7669683	1107
7669682	1108
7669681	1109
7669680	1110
7669679	1111
7669678	1112
7669677	1113
7669676	1114
7669675	1115
7669674	1116
7669673	1117
7669672	1118
7669671	1119
7669670	1120
7669669	1121
7669668	1122
7669667	1123
7669666	1124
7669665	1125
7669664	1126
7669663	1127
7669662	1128
7669661	1129
7669660	1130
7669659	1131
7669658	1132
7669657	1133
7669656	1134
7669655	1135
7669654	1136
7669653	1137
7669652	1138
7669651	1139
7669650	1140
7669649	1141
7669648	1142
7669647	1143
7669646	1144
7669645	1145
7669644	1146
7669643	1147
7669642	1148
7669641	1149
7669640	1150
7669639	1151
7669638	1152
7669637	1153
7669636	1154
7669635	1155
7669634	1156
7669633	1157
7669632	1158
7669631	1159
7669630	1160
7669629	1161
7669628	1162
7669627	1163
7669626	1164
7669625	1165
7669624	1166
7669623	1167
7669622	1168
7669621	1169
7669620	1170
7669619	1171
7669618	1172
7669617	1173
7669616	1174
7669615	1175
7669614	1176
7669613	1177
7669612	1178
7669611	1179
